1*37^0			1
2*37^0		1
3*37^0	1
4*37^0			-1
5*37^0		-1	-2
6*37^0	-1	-2
7*37^0	-2		1
8*37^0		1	4
9*37^0	1	4	4
10*37^0	4	4	-1
11*37^0	4	-1	-6
12*37^0	-1	-6	-12
13*37^0	-6	-12	-7
14*37^0	-12	-7	8
15*37^0	-7	8	-13
16*37^0	8	-13	-6
17*37^0	-13	-6	6
18*37^0	-6	6	-3
19*37^0	6	-3	-5
20*37^0	-3	-5	6
21*37^0	-5	6	-9
22*37^0	6	-9	11
23*37^0	-9	11	4
24*37^0	11	4	-3
25*37^0	4	-3	7
26*37^0	-3	7	11
27*37^0	7	11	-5
28*37^0	11	-5	-1
29*37^0	-5	-1	12
30*37^0	-1	12	-17
31*37^0	12	-17	11
32*37^0	-17	11	-10
33*37^0	11	-10	-7
34*37^0	-10	-7	-14
35*37^0	-7	-14	-12
36*37^0	-14	-12	-10
1*37^1	-12	-10	-9
2*37^1	-7	-8	-5
3*37^1	16	2	-8
4*37^1	12	10	9
5*37^1	-6	-9	-14
6*37^1	-2	14	18
7*37^1	-7	-14	7
8*37^1	-18	-11	-4
9*37^1	14	4	10
10*37^1	11	-14	-6
11*37^1	-5	2	-10
12*37^1	-15	18	-2
13*37^1	-2	6	-14
14*37^1	-17	-11	-15
15*37^1	-12	15	-15
16*37^1	-5	-5	18
17*37^1	-16	-1	6
18*37^1	9	7	8
19*37^1	-8	12	12
20*37^1	-11	11	-5
21*37^1	-14	-5	17
22*37^1	-10	11	9
23*37^1	-10	2	18
24*37^1	-1	-17	-7
25*37^1	1	-1	-6
26*37^1	-7	13	1
27*37^1	-16	13	8
28*37^1	1	-2	-17
29*37^1	5	-11	11
30*37^1	-7	-2	-10
31*37^1	-6	13	1
32*37^1	-7	15	-14
33*37^1	-3	-13	-12
34*37^1	-17	-9	-18
35*37^1	-18	-4	12
36*37^1	17	-17	3
1*37^2	-14	-2	5
2*37^2	4	-11	-7
3*37^2	5	-15	8
4*37^2	14	2	-5
5*37^2	-13	15	-3
6*37^2	-13		6
7*37^2	13	-9	-11
8*37^2	-15	18	13
9*37^2	2	7
10*37^2	13	9	-1
11*37^2	-11		9
12*37^2	-9	-6	11
13*37^2	-17	14	1
14*37^2	-15	-18	-7
15*37^2	-6	6	8
16*37^2	-2	-2	14
17*37^2	12	-10	5
18*37^2	-1	-7	6
19*37^2	14	-10	7
20*37^2	-8	14	4
21*37^2	14	-10	-16
22*37^2	-12	-13	18
23*37^2	17	6	-18
24*37^2	2	-18	8
25*37^2	-16	-4	14
26*37^2	7	-17	-18
27*37^2	1	6	-9
28*37^2	12	3	7
29*37^2	-12	-12	-10
30*37^2	-15	-9	8
31*37^2	-14	-15	11
32*37^2	-12	6	-4
33*37^2	2	-4	12
34*37^2	7	-4	10
35*37^2	3	-13	-18
36*37^2	-15	-8	-4
1*37^3	-11	12	3
2*37^3	3	18	12
3*37^3	15	13
4*37^3	11	-12	-3
5*37^3	-18	-5	-18
6*37^3	16	-12	13
7*37^3	-4	-14	3
8*37^3	-4	-8	-13
9*37^3	-17	-15	-14
10*37^3	9	1	8
11*37^3	12	-1	7
12*37^3	-12	-6	3
13*37^3	-12	-8	-17
14*37^3	7	-1	14
15*37^3	-12	8	-17
16*37^3	-1	-17	11
17*37^3	17	17	-17
18*37^3	-2	-6	-11
19*37^3	-12	1	-14
20*37^3	-15	17	-5
21*37^3	5	9	8
22*37^3	16	11	-1
23*37^3	2	18	-4
24*37^3	-12	-6	2
25*37^3	11	8	-15
26*37^3	3	-3	6
27*37^3	8	7	6
28*37^3	13	4	11
29*37^3	12	-13	-13
30*37^3	-14	-1	-18
31*37^3	8	-18	14
32*37^3	-1	5	-9
33*37^3	-10	-10	7
34*37^3	-17	-17	-15
35*37^3	-15	-6	18
36*37^3	12		11
